Epoch 0 0.924042484712 236 2871 0.2745839635469127 20200201-013922
Epoch 10 0.983263598326 52 3055 0.16593324191177716 20200201-015007
Epoch 20 0.982941744448 53 3054 0.17002489262228895 20200201-015926
Epoch 30 0.990022529771 31 3076 0.1475648466239898 20200201-020837
Epoch 40 0.989378822015 33 3074 0.15311590083542334 20200201-021749
Epoch 50 0.988735114258 35 3072 0.15104059502134648 20200201-022656
Epoch 60 0.981010621178 59 3048 0.17082077329844872 20200201-023605
Epoch 70 0.983585452205 51 3056 0.16762992915236516 20200201-024515
Epoch 80 0.985194721596 46 3061 0.15765768353630638 20200201-025424
Epoch 90 0.983907306083 50 3057 0.14972361541678522 20200201-030331
Epoch 100 0.985838429353 44 3063 0.1525554775707776 20200201-031244
Epoch 110 0.986803990988 41 3066 0.1581409114380965 20200201-032156
Epoch 120 0.988091406501 37 3070 0.14868059894576754 20200201-033105
Epoch 130 0.988091406501 37 3070 0.1448820263740215 20200201-034013
Epoch 140 0.986160283231 43 3064 0.1535270666362611 20200201-034922
Epoch 150 0.988735114258 35 3072 0.15132760414623284 20200201-035831
Epoch 160 0.987125844866 40 3067 0.14409374007387843 20200201-040742
Epoch 170 0.987769552623 38 3069 0.1489966994058035 20200201-041652
Epoch 180 0.98841326038 36 3071 0.14892668208281326 20200201-042604
Epoch 190 0.98455101384 48 3059 0.15819700202189194 20200201-043515
Epoch 200 0.985194721596 46 3061 0.15657250459841096 20200201-044422
Epoch 210 0.98455101384 48 3059 0.1518695684007549 20200201-045330
Epoch 220 0.987125844866 40 3067 0.14810204661723317 20200201-050242
Epoch 230 0.984229159961 49 3058 0.1497936862913801 20200201-051151
Epoch 240 0.98648213711 42 3065 0.15179118928602672 20200201-052058
Epoch 250 0.985194721596 46 3061 0.1554645722688579 20200201-053007
Epoch 260 0.985838429353 44 3063 0.15202272239876644 20200201-053916
Epoch 270 0.984872867718 47 3060 0.15373992022388674 20200201-054825
Epoch 280 0.984229159961 49 3058 0.15233893692044534 20200201-055731
Epoch 290 0.985838429353 44 3063 0.14499277252303544 20200201-060632
Epoch 300 0.986160283231 43 3064 0.14784852854200484 20200201-061539
Epoch 310 0.986160283231 43 3064 0.1524763154072056 20200201-062448
Epoch 320 0.98648213711 42 3065 0.15073216495761413 20200201-063356
Epoch 330 0.98455101384 48 3059 0.15047778025560515 20200201-064305
Epoch 340 0.987447698745 39 3068 0.14353435647294766 20200201-065214
Epoch 350 0.987125844866 40 3067 0.1449298559951761 20200201-070119
Epoch 360 0.98648213711 42 3065 0.14752421084833953 20200201-071026
Epoch 370 0.98648213711 42 3065 0.14218551425045464 20200201-071933
Epoch 380 0.986160283231 43 3064 0.14463959473835028 20200201-072842
Epoch 390 0.986803990988 41 3066 0.1463785321457357 20200201-073749
Epoch 400 0.987125844866 40 3067 0.14588746353415874 20200201-074658
Epoch 410 0.987125844866 40 3067 0.1440782460051537 20200201-075607
Epoch 420 0.985194721596 46 3061 0.14683792590500316 20200201-080515
Epoch 430 0.985194721596 46 3061 0.15192953360179057 20200201-081422
Epoch 440 0.987125844866 40 3067 0.14467543013860248 20200201-082331
Epoch 450 0.985516575475 45 3062 0.15050546851535923 20200201-083239
Epoch 460 0.984872867718 47 3060 0.15102367224272645 20200201-084149
Epoch 470 0.98648213711 42 3065 0.15121581149872906 20200201-085056
Epoch 480 0.985838429353 44 3063 0.15032284083414457 20200201-090008
Epoch 490 0.986803990988 41 3066 0.14515188911862947 20200201-090919
