Epoch 0 0.0444158352108 2969 138 2.5944222858617603 20200131-154654
Epoch 10 0.582877373672 1296 1811 0.5968898168803973 20200131-154922
Epoch 20 0.773093015771 705 2402 0.4325282462693404 20200131-155123
Epoch 30 0.875764402961 386 2721 0.308135236488815 20200131-155420
Epoch 40 0.922755069199 240 2867 0.28306324429346297 20200131-155718
Epoch 50 0.92822658513 223 2884 0.24253294910292847 20200131-155945
Epoch 60 0.947537817831 163 2944 0.23295606727211884 20200131-160224
Epoch 70 0.965239781139 108 2999 0.1925871595794692 20200131-160500
Epoch 80 0.974251689733 80 3027 0.1728387974605008 20200131-160723
Epoch 90 0.966527196653 104 3003 0.1858981033749759 20200131-161004
Epoch 100 0.978113936273 68 3039 0.16711394694820333 20200131-161254
Epoch 110 0.967170904409 102 3005 0.19338037013552278 20200131-161457
Epoch 120 0.980366913421 61 3046 0.16359014383719203 20200131-161751
Epoch 130 0.979401351786 64 3043 0.16341681403431685 20200131-162000
Epoch 140 0.981654328935 57 3050 0.15965102884246304 20200131-162255
Epoch 150 0.981010621178 59 3048 0.1597863158026217 20200131-162500
Epoch 160 0.981332475056 58 3049 0.15990445326589356 20200131-162756
Epoch 170 0.981010621178 59 3048 0.159054504811651 20200131-163029
